10 10
-7 -3 -3 -8 3 7 0 5 4 1
10 0 8 9 -6 3 -4 0 10 2
-3 8 9 4 9 -2 -6 0 -4 -2
-4 9 -2 -10 2 4 -3 8 -2 0
-5 -3 10 7 -8 -6 -9 10 -9 0
4 -10 6 9 -9 10 -1 -10 6 -3
4 6 -6 2 7 0 2 -5 4 5
-6 -7 -5 8 -1 -6 8 -9 -4 10
1 -7 9 -1 1 -7 6 4 2 10
1 0 -9 -5 6 5 -6 7 5 7
10 10
8 0 -6 1 8 5 -9 -3 2 7
3 5 8 -6 9 5 -3 5 -8 -4
-10 1 -9 -9 -8 6 -6 10 6 -1
-7 -6 -4 -2 -7 -5 7 9 7 -6
-6 -8 -3 -2 -10 -6 7 -3 9 -10
-2 -2 -6 4 -3 -8 6 -1 3 8
2 -4 4 9 -4 -9 -5 5 0 10
7 -3 2 4 3 6 2 -1 8 5
-4 5 -7 -3 1 -8 -4 -9 -7 8
9 -8 0 -7 3 6 -2 -1 -1 10
10 5
2 -3 1 2 -4
0 0 -7 -2 -5
-10 5 -1 -5 1
-10 2 10 0 3
8 1 -7 -8 -7
5 3 7 5 -6
3 5 -6 -7 -10
-2 -10 -8 -3 2
-6 3 -4 4 -1
6 -7 -5 -2 1
10 5
-10 7 6 -9 7
-5 2 -2 -4 -9
-9 1 4 -2 2
3 5 -6 1 9
-7 8 7 -4 -10
-7 4 5 0 -2
8 -7 -8 8 -5
8 7 -8 -4 3
2 4 -3 -3 2
-9 5 2 -4 -2